function [g0, g1] = Eeq_neg(sto, P)

g0 = 0.6379 + 0.5416*exp(-305.5309*sto) + 0.044*tanh(-(sto-0.1958)/(0.1088)) ...
    - 0.1978*tanh((sto-1.0571)/0.0858) - 0.6875*tanh((sto+0.0117)/0.0529) ...
    - 0.0175*tanh((sto-0.5692)/0.0875);
   
g1 = (55*tanh((625*sto)/68 - 979/544).^2)/136 - ...
    (181942275328739561*exp(-(1343739108779465*sto)/4398046511104))/1099511627776000 ...
    + (989*tanh((5000*sto)/429 - 961/78).^2)/429 + tanh((80*sto)/7 - 5692/875).^2/5 ...
    + (6875*tanh((10000*sto)/529 + 117/529).^2)/529 - 2454610831/154319880;
g1 = g1/P.csmax_neg;