function [dlnf, d2lnf] = fun_dlnf(cl, P)

T = P.T;
T0 = 298.15;
tp = 0.38;

dlnf = (0.601 - 0.24*(cl/1e3).^.5 + 0.982*(1 - 0.0052*(T-T0)) ...
    *(cl/1e3).^1.5)/(1-tp) - 1;
d2lnf = (3./(25000*(cl/1000).^(1/2)) - (3*(cl/1000).^(1/2)*((6383*T0)/1250000 ...
    - (6383*T)/1250000 + 491/500))/2000)/(tp - 1);